$ANSIBLE_VAULT;1.1;AES256
62626134623861653030363733393664373231376331636333326636313933343939333935313638
3431333961383164653636353664373636323161646562310a323735353261613563396530666236
32613064333163626666333964663064613934353665303866626162353661303937643762313034
3566643234393730640a356464316430373564363663366265616139336163633265313263623834
34313633653030353933393863353830353733613666633362323763396333396337303762376166
34656637653464663063376166636166333836363036323434336337383334386536633766316533
30336266333265353065396437633662656164343536353363653138373861616238336361373465
36653732636530386435633662303437373165633030373836646230663136366335363866316465
31653462346562393133616534303135643536653765643335376238376561323361333863326136
32303430346666383034386532383262633364316339316335643161363238656261626266616137
30653666376630663938666537396630373339643765643461653036323232366136336562363533
37356637383037653234353533613635633337383731643661303030613035363036663633336531
62383761353039636561306332336463366663363065663935316137626532333464303236343132
34313136656432653962663962616136626464313234623766346231353430376131636535336661
35303436313231343737326161656638336135353461303835653539636637643337343464643264
36346635323066656136313365383562663466643636663134633563666165616230333037333837
61666439303163356338613565346630616239323431386265663161323932373963656166616565
33343931386337303234663830636363653234373031653763363230353337313334363562336636
66646137326666616332393561343831393930336332623530643339623765306661323461636137
30343566313534623834316238613164653539636532626239393939353830623033306564393337
37613335653666633732373233623633326261343264623035643061353963373937623539623435
36323364346264613865613732656239393962343031323735636230303337366166376462316231
64653634356336663863396265383135623362623661646232396536306331376361633163363336
37343432666164653231
