$ANSIBLE_VAULT;1.1;AES256
32386466336564343534306332373863353734346531663737363738633138333961303065343165
3439323466353038363264306164353435313038313562320a333534333831663262336431626134
65356336636432333035663739616138313330613239386266353731363135653735303262366436
3733646639613264660a396365636336613266313339396164363332616239373631643136613436
63306366643234373934333535356335366331373038656134323637656534656334366236626666
39313837613133303330333464653162373261623736343162626230326531383761326264326234
61313563643634333233383833313637646363643032393037663666383233613038623936336438
66316334316235306531306661613138343635666634323634376263313338336361393435626137
36343431656239663337653165633962333134636638303839376537653336393435623566353237
63336664313336646636363034313430333138363033333734613663376138303936623132343231
61656663396362653461396161393039353363306466386365303630393839366235623433393863
35346538356334313731
