$ANSIBLE_VAULT;1.1;AES256
62666230383663333430316136643230626639333335376265326265343932386131386134623662
3732323837666563373430636234333761373566633063330a663362383564383030343238323037
65646164363232383436386262333865373463343931613062323939336237353136613334323735
6161373636353566650a663036313262366633646436373239333938323963356532326664636231
32666431653664306464623639626138323032386136326330383333373161333438643436303663
32633332316531383165323336353932303763363862333963663737383533653333623734626139
63363436316532656536623061366664666531636439303363643431303366303137323535366261
63656633616336383865303662633465333634636462333161396562626265643036623234616532
30313934663431316263373438396432396331393033656363343361393839626536643761386161
61383663646231333466313564613133386562333266326436616230376133303862663834623038
65336565633165323865656433666630323835366566616634313539653838633636303833633263
34326137346266613638353532656431366339633236623331366237343466336465316331303938
35313562646334613138643931663939663535393065646466643434393035363035633338333539
31313333643034326165643266643135613365333162366665336561613730623763303537353039
38633065663530373539303536663966346132646530323061323632373261303035303562613561
62623737323933616630346235636532386230373939663362626334303237613331363534393636
30323032613130376334623035393030343334396261383639653435303637386232653662363033
63386339353235393830366530366133386330343931363531313965393364343930646432303761
33303266356239353432356262373736396566323862313137653965383265653763376466623036
34393561663366356464306536363564633436336233636564316361363938616439303238663036
66353138376633356430376161623237333631333036616238663932653532306537373037316338
39313464616331613461393636656531653635656237313561323134343531393763613330326566
30303264336432353231393634633866343362646439303130353037356366623930363230373334
36613835613131396335666438366266353835653162333131353632366230633764346564653934
33356439343737346435376532336235373663633134393530336138633163366437323035343838
33373735363935393539666630646666623065376430333864306535343862336334643031363336
353431373064346263613761393962383361
