$ANSIBLE_VAULT;1.1;AES256
30626335336632656130356132386162623064373765333664373231643466373762613739643438
6466313931623833313333396639616531313534316638660a653832393465343433393432383562
36303933623535323435373436643663616563343535623033353130613065626535303137613938
3133333264303838620a303132393664656338666535393630313230306162353735336137653965
32663165366533636666653832303339336362666363613866363166643639333337613335666335
35616664393266383033663139323763343530666665663433383732663566383139343063643965
61626132633036306566653736376235633133376538663533383139383733393366643439633662
66303565343136383430383637323031313165366266383634636432633634316330653063616564
30366233306332306235326631343065633339623866333366656339646665663236373736343734
39353565623039346564616430336333623231633763353231363863316633373339313633353836
35316364636661646135396130376463636339336430353733396364376438636538613137326336
62656431643565393066363630353731316236353961393062383637346366323462316638363239
65336466633536326661336663396338343765653739626465333139313739646532656162396238
30303663646236366634336531383461373730343563386130643831613333646235613935373931
66646133333635646363353137313662353062306336323930356635616332643865623839363832
61636366653930373530303630386431633836356166323031336461633032306362666462663635
62333863316239383139343239346237373336656435663535343031633230386639393732633637
35656639663562323235646139663430366665303933313933383330643238613832373639653765
303362303362613339383561386135303363
